4
32
4
14
14
14
14
14
14
14
6
10
10
10
10
14
14
14
6
14
14
14
14
14
14
14
14
9
9
10
10
13
13
14
14
14
14
14
14
14
14
14
14
10
10
10
10
14
14
14
14
14
14
14
14
14
14
14
14
9
9
10
10
13
13
14
14
16
16
16
16
16
16
16
8
10
10
10
10
16
16
16
8
16
16
16
16
16
16
16
16
9
9
10
10
15
15
16
16
16
16
16
16
16
16
16
16
10
10
10
10
16
16
16
16
16
16
16
16
16
16
16
16
9
9
10
10
15
15
16
16
14
14
14
14
14
14
14
6
10
10
14
14
14
14
14
6
14
14
14
14
14
14
14
14
9
9
14
14
13
13
14
14
14
14
14
14
14
14
14
14
10
10
14
14
14
14
14
14
14
14
14
14
14
14
14
14
9
9
14
14
13
13
14
14
16
16
16
16
16
16
16
8
10
10
14
14
16
16
16
8
16
16
16
16
16
16
16
16
9
9
14
14
15
15
16
16
16
16
16
16
16
16
16
16
10
10
14
14
16
16
16
16
16
16
16
16
16
16
16
16
9
9
14
14
15
15
16
16
14
14
14
14
14
14
14
6
10
10
10
10
14
14
14
6
14
14
14
14
14
14
14
14
10
10
10
10
14
14
14
14
14
14
14
14
14
14
14
14
10
10
10
10
14
14
14
14
14
14
14
14
14
14
14
14
10
10
10
10
14
14
14
14
32
32
32
32
32
32
16
8
26
26
26
26
32
32
16
8
32
32
32
32
32
32
16
16
26
26
26
26
32
32
16
16
32
32
32
32
32
32
16
16
26
26
26
26
32
32
16
16
32
32
32
32
32
32
16
16
26
26
26
26
32
32
16
16
14
14
14
14
14
14
14
6
10
10
14
14
14
14
14
6
14
14
14
14
14
14
14
14
10
10
14
14
14
14
14
14
14
14
14
14
14
14
14
14
10
10
14
14
14
14
14
14
14
14
14
14
14
14
14
14
10
10
14
14
14
14
14
14
32
32
32
32
32
32
16
8
26
26
30
30
32
32
16
8
32
32
32
32
32
32
16
16
26
26
30
30
32
32
16
16
32
32
32
32
32
32
16
16
26
26
30
30
32
32
16
16
32
32
32
32
32
32
16
16
26
26
30
30
32
32
16
16
